U0 0 0 0 0 0
U1 1 56 493 562 1828
U2 0 0 0 0 0
U3 0 0 0 0 0
U4 1 34 357 421 1824
U5 1 84 363 409 1104
U6 0 0 0 0 0
U7 1 97 14 150 1496
U8 0 0 0 0 0
U9 1 19 760 788 602
U10 1 17 1368 1420 1144
U11 0 0 0 0 0
U12 1 67 14 33 608
U13 1 39 856 924 918
U14 1 48 1177 1257 1480
U15 0 0 0 0 0
U16 1 67 681 740 1740
U17 0 0 0 0 0
U18 1 76 11 121 1210
U19 0 0 0 0 0
U20 0 0 0 0 0
U21 0 0 0 0 0
U22 1 33 133 197 1312
U23 0 0 0 0 0
U24 0 0 0 0 0
U25 0 0 0 0 0
U26 1 29 718 789 1775
U27 1 41 407 469 1674
U28 1 74 1098 1148 800
U29 0 0 0 0 0
U30 1 66 231 295 2080
U31 1 44 880 940 1680
U32 0 0 0 0 0
U33 0 0 0 0 0
U34 0 0 0 0 0
U35 0 0 0 0 0
U36 1 32 641 699 1595
U37 0 0 0 0 0
U38 0 0 0 0 0
U39 1 25 716 852 3332
U40 1 38 776 886 2255
U41 0 0 0 0 0
U42 0 0 0 0 0
U43 0 0 0 0 0
U44 1 26 1415 1431 144
U45 1 66 120 218 3234
U46 1 51 329 369 1080
U47 0 0 0 0 0
U48 1 25 483 565 2050
U49 0 0 0 0 0
U50 0 0 0 0 0
U51 1 98 1022 1074 728
U52 0 0 0 0 0
U53 0 0 0 0 0
U54 0 0 0 0 0
U55 1 63 466 526 1110
U56 0 0 0 0 0
U57 1 63 342 388 897
U58 1 73 0 96 1776
U59 0 0 0 0 0
U60 1 45 737 863 2583
U61 1 67 910 954 1254
U62 1 1 355 465 3465
U63 1 10 794 844 375
U64 1 64 93 152 1652
U65 0 0 0 0 0
U66 1 41 496 558 1643
U67 1 27 968 1066 1960
U68 1 31 328 386 1537
U69 1 61 220 352 3102
U70 0 0 0 0 0
U71 1 50 464 516 1014
U72 1 65 1012 1110 1764
U73 1 33 1144 1224 1520
U74 1 90 76 117 1045
U75 1 52 91 143 1144
U76 1 2 190 322 3168
U77 1 85 874 896 253
U78 1 33 301 372 1420
U79 0 0 0 0 0
U80 1 51 581 679 2597
U81 0 0 0 0 0
U82 1 78 78 113 805
U83 0 0 0 0 0
U84 1 6 12 74 1178
U85 1 24 838 890 1092
U86 1 34 140 238 2891
U87 1 66 1231 1243 336
U88 0 0 0 0 0
U89 0 0 0 0 0
U90 1 54 299 397 1862
U91 1 51 696 778 2132
U92 0 0 0 0 0
U93 0 0 0 0 0
U94 1 19 520 602 1845
U95 1 87 245 316 2094
U96 1 22 674 810 2176
U97 0 0 0 0 0
U98 0 0 0 0 0
U99 1 99 965 1063 2450
U100 1 49 659 741 2009
U101 1 35 293 375 1804
U102 1 10 60 112 468
U103 1 95 238 318 2240
U104 1 22 428 512 1386
U105 1 87 798 838 1080
U106 1 38 1304 1366 1209
U107 0 0 0 0 0
U108 1 34 725 793 1836
U109 0 0 0 0 0
U110 1 95 693 791 2597
U111 1 21 813 923 1925
U112 1 20 950 1012 1519
U113 1 64 171 223 1430
U114 1 87 51 161 3355
U115 0 0 0 0 0
U116 0 0 0 0 0
U117 1 38 95 205 2475
U118 1 20 1042 1138 2304
U119 0 0 0 0 0
U120 0 0 0 0 0
U121 1 5 499 579 1920
U122 0 0 0 0 0
U123 1 96 1257 1309 1066
U124 1 13 36 116 720
U125 0 0 0 0 0
U126 0 0 0 0 0
U127 0 0 0 0 0
U128 1 40 691 752 854
U129 1 15 416 468 1222
U130 1 22 186 232 782
U131 0 0 0 0 0
U132 1 89 408 499 2593
U133 1 44 1074 1090 432
U134 0 0 0 0 0
U135 1 16 107 157 775
U136 1 40 339 351 186
U137 0 0 0 0 0
U138 1 94 529 613 1344
U139 1 90 170 222 1300
U140 1 91 1183 1319 3128
U141 1 27 65 151 1892
U142 0 0 0 0 0
U143 1 7 432 512 2360
U144 1 57 583 651 714
U145 0 0 0 0 0
U146 1 80 1009 1044 1032
U147 1 35 930 974 902
U148 1 55 1226 1276 1300
U149 1 68 102 164 1457
U150 0 0 0 0 0
U151 0 0 0 0 0
U152 0 0 0 0 0
U153 1 37 802 830 448
U154 0 0 0 0 0
U155 0 0 0 0 0
U156 1 31 1220 1255 770
U157 0 0 0 0 0
U158 1 9 890 964 1702
U159 1 55 1313 1379 1683
U160 1 65 403 463 1140
U161 0 0 0 0 0
U162 0 0 0 0 0
U163 0 0 0 0 0
U164 1 5 1046 1068 495
U165 1 25 375 473 2499
U166 1 7 926 1062 3672
U167 0 0 0 0 0
U168 0 0 0 0 0
U169 1 75 72 143 568
U170 1 7 1169 1305 3604
U171 1 66 904 944 1200
U172 1 61 642 710 1530
U173 1 41 590 642 1352
U174 0 0 0 0 0
U175 1 9 461 513 1274
U176 1 86 287 348 1891
U177 1 64 1258 1304 1104
U178 0 0 0 0 0
U179 0 0 0 0 0
U180 1 7 54 164 3410
U181 1 56 1272 1324 1222
U182 0 0 0 0 0
U183 0 0 0 0 0
U184 0 0 0 0 0
U185 1 23 269 367 2352
U186 0 0 0 0 0
U187 1 36 1269 1328 1121
U188 0 0 0 0 0
U189 0 0 0 0 0
U190 0 0 0 0 0
U191 0 0 0 0 0
U192 1 77 468 566 1764
U193 1 44 2 46 1408
U194 1 9 597 677 1920
U195 0 0 0 0 0
U196 1 61 588 629 943
U197 0 0 0 0 0
U198 0 0 0 0 0
U199 1 64 701 799 2499
U200 1 69 1325 1383 957
U201 1 7 512 573 1769
U202 0 0 0 0 0
U203 1 72 358 449 2275
U204 1 15 757 841 1848
U205 0 0 0 0 0
U206 0 0 0 0 0
U207 1 26 1188 1240 494
U208 1 82 221 312 2866
U209 1 4 892 972 1640
U210 0 0 0 0 0
U211 0 0 0 0 0
U212 1 90 931 983 1196
U213 1 74 625 691 1089
U214 1 24 247 293 1058
U215 0 0 0 0 0
U216 1 26 601 653 546
U217 1 21 292 354 1209
U218 0 0 0 0 0
U219 1 8 16 78 1829
U220 1 49 1220 1284 1440
U221 1 96 552 580 602
U222 0 0 0 0 0
U223 1 35 479 550 1526
U224 1 47 274 338 960
U225 0 0 0 0 0
U226 0 0 0 0 0
U227 1 33 420 482 1209
U228 1 41 870 922 1300
U229 0 0 0 0 0
U230 1 97 735 804 724
U231 1 5 1129 1200 1562
U232 1 78 704 716 264
U233 1 23 399 451 1222
U234 0 0 0 0 0
U235 1 8 189 287 2793
U236 1 85 1099 1157 580
U237 0 0 0 0 0
U238 1 29 1088 1140 1248
U239 0 0 0 0 0
U240 1 62 934 962 392
U241 1 34 539 607 1870
U242 1 91 238 273 892
U243 0 0 0 0 0
U244 0 0 0 0 0
U245 0 0 0 0 0
U246 0 0 0 0 0
U247 0 0 0 0 0
U248 1 17 1187 1258 1597
U249 0 0 0 0 0
U250 0 0 0 0 0
U251 1 17 953 1013 1380
U252 0 0 0 0 0
U253 1 32 865 884 503
U254 1 80 468 566 3038
U255 1 58 554 593 565
U256 1 15 474 513 897
U257 1 44 236 362 3906
U258 0 0 0 0 0
U259 1 11 649 711 1333
U260 1 96 1313 1371 1160
U261 1 52 296 342 966
U262 1 12 1185 1226 512
U263 0 0 0 0 0
U264 1 76 132 184 546
U265 1 94 720 804 1302
U266 0 0 0 0 0
U267 1 61 99 195 2304
U268 0 0 0 0 0
U269 1 17 689 733 1078
U270 0 0 0 0 0
U271 0 0 0 0 0
U272 1 7 793 845 1430
U273 1 46 968 1059 1820
U274 1 41 316 368 1430
U275 1 49 145 203 1537
U276 0 0 0 0 0
U277 0 0 0 0 0
U278 1 56 1138 1184 1104
U279 1 31 477 563 2193
U280 1 90 310 362 1274
U281 0 0 0 0 0
U282 0 0 0 0 0
U283 1 98 604 650 690
U284 1 11 26 106 1760
U285 0 0 0 0 0
U286 1 32 582 640 1624
U287 0 0 0 0 0
U288 1 54 718 798 1320
U289 1 20 284 312 700
U290 0 0 0 0 0
U291 1 3 415 467 1170
U292 1 56 1000 1064 1568
U293 0 0 0 0 0
U294 1 30 1194 1246 754
U295 0 0 0 0 0
U296 0 0 0 0 0
U297 0 0 0 0 0
U298 1 92 417 527 2420
U299 1 28 21 83 2108
U300 0 0 0 0 0
U301 1 69 404 495 1638
U302 1 8 519 547 770
U303 1 73 1177 1229 832
U304 1 70 1100 1152 754
U305 1 55 918 968 1325
U306 0 0 0 0 0
U307 1 1 883 902 560
U308 1 24 395 453 1305
U309 0 0 0 0 0
U310 0 0 0 0 0
U311 1 30 808 852 682
U312 0 0 0 0 0
U313 0 0 0 0 0
U314 0 0 0 0 0
U315 1 44 1305 1373 1802
U316 1 4 1158 1238 1560
U317 1 67 395 445 1525
U318 0 0 0 0 0
U319 1 56 900 964 1600
U320 0 0 0 0 0
U321 1 91 359 485 3150
U322 0 0 0 0 0
U323 0 0 0 0 0
U324 1 31 632 644 294
U325 1 13 973 1019 368
U326 1 21 719 805 1548
U327 0 0 0 0 0
U328 1 37 103 144 697
U329 1 55 545 609 1760
U330 0 0 0 0 0
U331 0 0 0 0 0
U332 0 0 0 0 0
U333 1 17 391 413 572
U334 1 91 534 630 2352
U335 1 72 259 327 1734
U336 1 54 663 715 884
U337 0 0 0 0 0
U338 1 4 1003 1113 2200
U339 0 0 0 0 0
U340 0 0 0 0 0
U341 1 67 1166 1246 2240
U342 1 97 1169 1237 680
U343 1 30 588 647 944
U344 0 0 0 0 0
U345 1 37 416 477 1006
U346 1 34 1213 1293 2000
U347 1 47 88 156 1054
U348 0 0 0 0 0
U349 1 98 1092 1176 1134
U350 1 61 27 89 1519
U351 1 14 97 149 1612
U352 0 0 0 0 0
U353 1 51 983 1049 1650
U354 1 35 1080 1212 2640
U355 1 30 1129 1181 780
U356 1 66 513 604 2912
U357 1 16 416 466 750
U358 1 92 545 677 2838
U359 0 0 0 0 0
U360 0 0 0 0 0
U361 0 0 0 0 0
U362 1 95 131 215 2394
U363 1 28 547 566 598
U364 1 2 54 106 1300
U365 0 0 0 0 0
U366 1 41 1217 1278 1433
U367 0 0 0 0 0
U368 0 0 0 0 0
U369 1 38 619 638 399
U370 1 5 69 151 2173
U371 1 64 425 469 1166
U372 1 68 192 238 1058
U373 0 0 0 0 0
U374 0 0 0 0 0
U375 1 99 256 325 1863
U376 1 64 609 661 1352
U377 1 48 217 327 2145
U378 1 33 1273 1353 1480
U379 0 0 0 0 0
U380 0 0 0 0 0
U381 1 6 257 319 1147
U382 1 29 941 982 1004
U383 1 17 742 822 1920
U384 0 0 0 0 0
U385 1 50 258 316 1160
U386 1 72 953 1022 1587
U387 0 0 0 0 0
U388 1 9 1246 1274 616
U389 1 42 720 748 574
U390 1 53 1144 1184 900
U391 1 20 1268 1328 1380
U392 1 66 1093 1139 1334
U393 1 83 1028 1130 1989
U394 1 79 862 931 2001
U395 1 87 340 359 551
U396 1 81 558 660 1887
U397 0 0 0 0 0
U398 1 68 920 982 1333
U399 1 87 519 651 3630
U400 1 21 590 674 1554
U401 1 5 1248 1300 1118
U402 1 99 71 140 1897
U403 0 0 0 0 0
U404 1 92 98 182 1890
U405 1 65 277 339 1209
U406 0 0 0 0 0
U407 1 3 724 784 1320
U408 1 41 16 148 3762
U409 0 0 0 0 0
U410 1 86 667 695 812
U411 0 0 0 0 0
U412 0 0 0 0 0
U413 0 0 0 0 0
U414 0 0 0 0 0
U415 0 0 0 0 0
U416 1 31 681 733 1248
U417 0 0 0 0 0
U418 1 15 1059 1145 1763
U419 1 40 371 383 180
U420 1 99 361 452 2411
U421 1 34 265 356 2639
U422 1 71 1320 1359 897
U423 0 0 0 0 0
U424 1 52 220 272 1118
U425 0 0 0 0 0
U426 1 51 251 291 1100
U427 1 37 3 55 910
U428 0 0 0 0 0
U429 1 9 109 200 2411
U430 0 0 0 0 0
U431 0 0 0 0 0
U432 1 31 926 990 1472
U433 1 28 374 454 2600
U434 1 1 199 301 3264
U435 1 99 1153 1205 1274
U436 1 48 86 144 1160
U437 1 34 948 987 1014
U438 1 49 0 52 1404
U439 0 0 0 0 0
U440 1 6 434 514 1440
U441 1 14 1042 1174 3762
U442 1 86 380 460 2440
U443 0 0 0 0 0
U444 1 28 570 668 3038
U445 1 99 1350 1372 517
U446 1 9 15 106 2457
U447 1 35 745 805 1260
U448 0 0 0 0 0
U449 0 0 0 0 0
U450 1 20 1357 1407 1125
U451 0 0 0 0 0
U452 0 0 0 0 0
U453 1 95 608 679 1917
U454 1 38 999 1095 1920
U455 1 44 466 564 2940
U456 0 0 0 0 0
U457 1 79 16 100 2646
U458 0 0 0 0 0
U459 1 34 987 1028 1045
U460 1 25 86 127 1107
U461 0 0 0 0 0
U462 0 0 0 0 0
U463 1 49 1083 1145 1426
U464 1 42 573 699 2646
U465 1 87 1296 1370 1887
U466 0 0 0 0 0
U467 1 98 425 471 713
U468 0 0 0 0 0
U469 0 0 0 0 0
U470 0 0 0 0 0
U471 1 88 221 279 1450
U472 1 49 777 875 2352
U473 0 0 0 0 0
U474 0 0 0 0 0
U475 1 4 1298 1372 1406
U476 1 46 505 615 2310
U477 0 0 0 0 0
U478 1 41 1062 1194 3168
U479 1 16 829 890 823
U480 1 68 736 777 902
U481 1 5 779 801 506
U482 0 0 0 0 0
U483 0 0 0 0 0
U484 1 88 283 302 465
U485 0 0 0 0 0
U486 1 53 23 159 3400
U487 1 17 888 947 1386
U488 1 71 304 402 2352
U489 0 0 0 0 0
U490 0 0 0 0 0
U491 1 14 1205 1249 1232
U492 1 46 206 290 1806
U493 1 9 1031 1077 1035
U494 0 0 0 0 0
U495 1 89 1050 1182 3498
U496 1 74 558 624 1122
U497 1 32 78 152 2220
U498 1 15 279 415 3264
U499 1 82 483 544 1830
U500 0 0 0 0 0
U501 1 31 388 472 2184
U502 0 0 0 0 0
U503 1 87 168 209 1230
U504 1 74 1230 1340 1705
U505 1 71 1214 1278 1504
U506 1 49 876 938 1457
U507 1 28 1010 1071 1769
U508 1 82 785 867 2378
U509 1 61 990 1030 840
U510 0 0 0 0 0
U511 0 0 0 0 0
U512 0 0 0 0 0
U513 0 0 0 0 0
U514 0 0 0 0 0
U515 0 0 0 0 0
U516 0 0 0 0 0
U517 1 40 384 412 406
U518 0 0 0 0 0
U519 1 29 397 461 1664
U520 0 0 0 0 0
U521 1 10 593 609 128
U522 1 23 963 1003 860
U523 0 0 0 0 0
U524 1 7 386 432 1380
U525 1 92 50 89 897
U526 1 61 752 768 352
U527 1 8 669 721 1378
U528 0 0 0 0 0
U529 0 0 0 0 0
U530 1 91 635 679 1056
U531 1 24 610 626 352
U532 1 89 883 895 330
U533 1 7 733 792 1652
U534 1 32 374 436 1798
U535 0 0 0 0 0
U536 1 47 414 512 1421
U537 1 80 832 903 2130
U538 0 0 0 0 0
U539 0 0 0 0 0
U540 1 64 1072 1091 465
U541 1 31 1145 1216 1597
U542 1 2 409 519 2585
U543 0 0 0 0 0
U544 0 0 0 0 0
U545 1 26 800 839 390
U546 0 0 0 0 0
U547 1 38 394 456 1333
U548 1 2 631 650 437
U549 1 31 580 592 300
U550 1 32 561 573 342
U551 1 53 1033 1143 2530
U552 1 38 247 357 2420
U553 0 0 0 0 0
U554 0 0 0 0 0
U555 1 13 778 862 714
U556 0 0 0 0 0
U557 1 10 234 308 629
U558 1 94 364 399 595
U559 1 66 1282 1340 1595
U560 1 18 244 285 881
U561 1 46 732 773 840
U562 1 24 672 746 1591
U563 1 68 1161 1183 462
U564 0 0 0 0 0
U565 1 32 1177 1287 2860
U566 1 29 1282 1362 1840
U567 1 94 1112 1164 754
U568 1 73 895 961 1122
U569 1 60 248 346 2450
U570 1 99 666 792 3213
U571 1 31 237 323 2322
U572 1 83 487 561 1480
U573 1 73 801 867 1155
U574 0 0 0 0 0
U575 0 0 0 0 0
U576 1 26 418 544 1386
U577 1 15 672 741 1552
U578 0 0 0 0 0
U579 1 1 932 1042 3190
U580 0 0 0 0 0
U581 0 0 0 0 0
U582 1 64 347 409 1674
U583 0 0 0 0 0
U584 0 0 0 0 0
U585 1 40 99 197 1568
U586 1 85 1051 1097 483
U587 0 0 0 0 0
U588 1 66 1181 1227 1311
U589 1 78 469 488 427
U590 1 99 477 603 3276
U591 1 89 302 393 2639
U592 0 0 0 0 0
U593 0 0 0 0 0
U594 0 0 0 0 0
U595 0 0 0 0 0
U596 0 0 0 0 0
U597 1 87 371 429 1653
U598 1 67 210 276 2046
U599 0 0 0 0 0
U600 1 9 343 425 2091
U601 0 0 0 0 0
U602 0 0 0 0 0
U603 1 3 16 32 376
U604 0 0 0 0 0
U605 1 72 869 937 1598
U606 0 0 0 0 0
U607 1 56 584 636 1352
U608 0 0 0 0 0
U609 1 14 395 475 2400
U610 1 84 492 572 1880
U611 0 0 0 0 0
U612 1 99 1274 1326 1248
U613 0 0 0 0 0
U614 1 80 229 331 3264
U615 1 14 1251 1310 1622
U616 1 29 366 394 742
U617 0 0 0 0 0
U618 1 85 1290 1302 114
U619 0 0 0 0 0
U620 0 0 0 0 0
U621 1 1 624 676 1612
U622 1 8 560 606 1242
U623 0 0 0 0 0
U624 0 0 0 0 0
U625 0 0 0 0 0
U626 1 84 82 143 1525
U627 1 15 971 1053 1722
U628 0 0 0 0 0
U629 1 82 331 370 1209
U630 1 8 360 486 3528
U631 0 0 0 0 0
U632 0 0 0 0 0
U633 1 44 671 712 1189
U634 0 0 0 0 0
U635 0 0 0 0 0
U636 1 25 146 226 2120
U637 1 95 1040 1102 1550
U638 1 22 1097 1195 1519
U639 0 0 0 0 0
U640 0 0 0 0 0
U641 1 67 122 157 1102
U642 0 0 0 0 0
U643 0 0 0 0 0
U644 0 0 0 0 0
U645 1 73 512 608 1728
U646 1 5 677 759 1927
U647 1 50 920 984 1184
U648 1 56 640 652 306
U649 1 23 1186 1296 2255
U650 0 0 0 0 0
U651 1 43 54 114 990
U652 1 88 834 960 2961
U653 0 0 0 0 0
U654 0 0 0 0 0
U655 1 44 86 182 3024
U656 0 0 0 0 0
U657 1 61 827 879 1118
U658 1 25 296 348 1352
U659 0 0 0 0 0
U660 1 4 297 395 2107
U661 1 82 377 451 2257
U662 1 55 801 863 1674
U663 0 0 0 0 0
U664 0 0 0 0 0
U665 1 49 487 522 875
U666 0 0 0 0 0
U667 1 65 212 258 920
U668 1 86 709 777 1938
U669 1 72 575 673 2401
U670 1 29 1148 1206 1363
U671 0 0 0 0 0
U672 1 35 133 243 2475
U673 0 0 0 0 0
U674 1 87 1059 1185 3276
U675 1 85 964 986 242
U676 0 0 0 0 0
U677 1 79 1141 1243 2907
U678 1 66 850 878 854
U679 0 0 0 0 0
U680 0 0 0 0 0
U681 0 0 0 0 0
U682 0 0 0 0 0
U683 0 0 0 0 0
U684 1 85 577 659 984
U685 0 0 0 0 0
U686 0 0 0 0 0
U687 1 89 93 191 2940
U688 0 0 0 0 0
U689 0 0 0 0 0
U690 0 0 0 0 0
U691 1 30 449 488 643
U692 1 66 756 824 2108
U693 1 54 550 602 910
U694 1 79 697 768 2094
U695 1 23 729 751 484
U696 1 54 506 545 702
U697 1 48 334 466 2508
U698 1 84 937 981 1012
U699 0 0 0 0 0
U700 0 0 0 0 0
U701 0 0 0 0 0
U702 0 0 0 0 0
U703 0 0 0 0 0
U704 1 69 1212 1322 1870
U705 0 0 0 0 0
U706 0 0 0 0 0
U707 1 27 402 424 462
U708 0 0 0 0 0
U709 1 0 1193 1261 510
U710 0 0 0 0 0
U711 1 68 29 89 1440
U712 0 0 0 0 0
U713 0 0 0 0 0
U714 1 89 968 1020 1404
U715 1 14 237 333 2928
U716 0 0 0 0 0
U717 1 50 686 727 779
U718 1 29 577 648 1810
U719 0 0 0 0 0
U720 1 90 688 748 1410
U721 0 0 0 0 0
U722 1 65 94 174 1640
U723 0 0 0 0 0
U724 1 28 1076 1202 3591
U725 0 0 0 0 0
U726 0 0 0 0 0
U727 1 2 1364 1410 1035
U728 1 53 1277 1299 484
U729 0 0 0 0 0
U730 1 16 750 769 275
U731 0 0 0 0 0
U732 1 53 365 491 3024
U733 1 28 455 507 1664
U734 0 0 0 0 0
U735 0 0 0 0 0
U736 0 0 0 0 0
U737 0 0 0 0 0
U738 0 0 0 0 0
U739 1 26 18 34 184
U740 0 0 0 0 0
U741 1 72 738 766 672
U742 0 0 0 0 0
U743 1 11 1005 1067 1271
U744 1 9 684 758 1739
U745 1 84 1039 1101 1395
U746 0 0 0 0 0
U747 0 0 0 0 0
U748 1 88 75 155 2040
U749 1 0 792 844 416
U750 1 79 242 378 4216
U751 0 0 0 0 0
U752 0 0 0 0 0
U753 0 0 0 0 0
U754 0 0 0 0 0
U755 0 0 0 0 0
U756 1 32 13 41 854
U757 1 91 926 1058 3102
U758 0 0 0 0 0
U759 1 15 184 253 1690
U760 1 27 361 373 258
U761 1 53 211 337 3087
U762 1 95 422 482 1650
U763 1 95 1198 1226 686
U764 1 8 821 957 3536
U765 0 0 0 0 0
U766 0 0 0 0 0
U767 0 0 0 0 0
U768 1 27 662 684 451
U769 1 87 896 994 2597
U770 0 0 0 0 0
U771 0 0 0 0 0
U772 1 48 21 60 799
U773 1 7 618 684 1881
U774 1 54 408 499 1683
U775 0 0 0 0 0
U776 0 0 0 0 0
U777 0 0 0 0 0
U778 1 17 549 629 2000
U779 1 15 38 106 1700
U780 1 36 793 845 1040
U781 1 23 525 609 1932
U782 1 90 440 484 1056
U783 1 44 573 664 2684
U784 0 0 0 0 0
U785 0 0 0 0 0
U786 1 64 909 1019 2750
U787 0 0 0 0 0
U788 0 0 0 0 0
U789 1 62 823 885 899
U790 1 44 380 408 854
U791 1 23 618 700 1845
U792 1 7 186 284 2989
U793 1 63 404 456 988
U794 0 0 0 0 0
U795 1 28 175 273 3283
U796 1 60 1256 1308 1248
U797 1 36 1071 1167 1872
U798 1 28 956 1008 1534
U799 1 20 89 148 1534
U800 0 0 0 0 0
U801 1 41 761 857 2448
U802 0 0 0 0 0
U803 1 59 244 342 1764
U804 0 0 0 0 0
U805 1 55 221 290 1932
U806 1 3 353 388 805
U807 1 1 751 797 1380
U808 0 0 0 0 0
U809 1 9 239 308 1794
U810 1 34 832 906 1961
U811 0 0 0 0 0
U812 1 84 256 296 980
U813 1 96 953 993 840
U814 1 87 458 510 1456
U815 1 95 58 97 1131
U816 0 0 0 0 0
U817 1 0 628 647 161
U818 0 0 0 0 0
U819 1 89 515 579 1792
U820 1 30 374 442 1156
U821 1 3 1134 1225 1956
U822 0 0 0 0 0
U823 1 75 1100 1198 735
U824 1 16 783 818 490
U825 1 60 1051 1097 1127
U826 0 0 0 0 0
U827 1 29 52 87 945
U828 1 98 331 393 992
U829 0 0 0 0 0
U830 1 53 821 957 3196
U831 0 0 0 0 0
U832 0 0 0 0 0
U833 1 5 409 431 550
U834 0 0 0 0 0
U835 0 0 0 0 0
U836 0 0 0 0 0
U837 0 0 0 0 0
U838 0 0 0 0 0
U839 1 65 1142 1170 490
U840 1 20 1148 1239 2138
U841 1 89 207 298 2684
U842 0 0 0 0 0
U843 1 66 969 1031 1829
U844 0 0 0 0 0
U845 1 1 1213 1345 3762
U846 1 95 969 1013 1122
U847 0 0 0 0 0
U848 0 0 0 0 0
U849 0 0 0 0 0
U850 1 66 665 756 2866
U851 0 0 0 0 0
U852 1 86 924 993 1932
U853 1 31 817 857 940
U854 0 0 0 0 0
U855 1 34 489 517 784
U856 1 30 1273 1335 868
U857 0 0 0 0 0
U858 0 0 0 0 0
U859 1 12 947 1057 1430
U860 1 73 1096 1146 825
U861 0 0 0 0 0
U862 1 5 174 245 1846
U863 1 51 86 148 1736
U864 0 0 0 0 0
U865 0 0 0 0 0
U866 1 67 1251 1297 1265
U867 1 63 926 997 1278
U868 1 78 1217 1229 258
U869 1 56 140 266 3465
U870 0 0 0 0 0
U871 1 80 697 788 2775
U872 1 42 458 556 2107
U873 1 36 664 748 1722
U874 1 15 866 912 989
U875 0 0 0 0 0
U876 1 79 508 530 660
U877 0 0 0 0 0
U878 0 0 0 0 0
U879 1 72 1211 1295 1890
U880 0 0 0 0 0
U881 1 8 132 154 638
U882 0 0 0 0 0
U883 0 0 0 0 0
U884 1 56 321 423 2754
U885 0 0 0 0 0
U886 0 0 0 0 0
U887 1 17 205 251 1219
U888 0 0 0 0 0
U889 0 0 0 0 0
U890 0 0 0 0 0
U891 1 1 685 743 1769
U892 1 80 362 460 3087
U893 1 49 357 431 1887
U894 1 41 219 315 2688
U895 1 21 87 148 1220
U896 0 0 0 0 0
U897 1 55 74 143 1966
U898 1 81 690 718 504
U899 0 0 0 0 0
U900 1 86 461 500 1170
U901 1 41 953 1005 1274
U902 0 0 0 0 0
U903 1 18 464 560 1968
U904 1 28 285 369 2772
U905 1 98 699 797 1421
U906 1 5 270 334 1632
U907 1 4 511 563 1092
U908 1 20 198 272 1887
U909 1 5 433 485 1274
U910 1 42 339 437 2156
U911 0 0 0 0 0
U912 1 90 1138 1154 360
U913 1 23 0 71 1739
U914 1 14 681 777 2784
U915 0 0 0 0 0
U916 1 28 894 952 1740
U917 1 21 511 557 874
U918 0 0 0 0 0
U919 0 0 0 0 0
U920 1 15 1260 1322 1209
U921 1 28 798 850 1586
U922 1 57 979 1043 640
U923 0 0 0 0 0
U924 1 32 716 735 513
U925 1 39 136 177 574
U926 0 0 0 0 0
U927 1 54 31 53 429
U928 0 0 0 0 0
U929 0 0 0 0 0
U930 0 0 0 0 0
U931 1 94 120 181 1067
U932 1 40 838 899 823
U933 1 44 764 805 1168
U934 0 0 0 0 0
U935 0 0 0 0 0
U936 0 0 0 0 0
U937 0 0 0 0 0
U938 1 14 3 87 2646
U939 0 0 0 0 0
U940 1 6 519 621 1785
U941 1 49 255 313 1508
U942 1 11 934 986 1092
U943 1 77 153 188 665
U944 1 77 297 395 1813
U945 1 16 1083 1123 520
U946 0 0 0 0 0
U947 1 17 416 514 2499
U948 1 45 1172 1308 2720
U949 1 65 727 818 1683
U950 1 67 460 510 1500
U951 1 69 785 876 1592
U952 1 15 1148 1200 1040
U953 0 0 0 0 0
U954 1 6 649 710 1037
U955 0 0 0 0 0
U956 0 0 0 0 0
U957 0 0 0 0 0
U958 1 18 163 224 1342
U959 1 23 1074 1126 1092
U960 1 18 90 151 1372
U961 1 9 429 448 475
U962 1 32 178 237 1740
U963 0 0 0 0 0
U964 1 73 1296 1365 1069
U965 0 0 0 0 0
U966 0 0 0 0 0
U967 1 51 888 940 1326
U968 0 0 0 0 0
U969 1 79 382 480 2989
U970 1 94 888 946 870
U971 1 86 527 591 1888
U972 1 82 674 784 3245
U973 1 56 69 121 1456
U974 1 95 804 936 3432
U975 1 44 1021 1071 1375
U976 1 68 485 524 877
U977 0 0 0 0 0
U978 1 25 999 1135 3264
U979 1 18 395 455 1260
U980 1 19 723 758 770
U981 0 0 0 0 0
U982 1 69 196 248 962
U983 1 82 1093 1175 2337
U984 1 88 380 478 2352
U985 0 0 0 0 0
U986 0 0 0 0 0
U987 1 14 526 606 2360
U988 0 0 0 0 0
U989 0 0 0 0 0
U990 1 86 13 48 1102
U991 1 94 427 473 759
U992 0 0 0 0 0
U993 0 0 0 0 0
U994 1 2 107 159 1274
U995 0 0 0 0 0
U996 1 67 808 867 1711
U997 0 0 0 0 0
U998 0 0 0 0 0
U999 0 0 0 0 0
