U0 0 0 0 0 0
U1 1 81 493 562 1276
U2 0 0 0 0 0
U3 1 26 545 671 1323
U4 1 34 357 421 1824
U5 1 84 363 409 1104
U6 1 6 320 380 1080
U7 1 97 14 150 1496
U8 0 0 0 0 0
U9 1 32 760 788 742
U10 1 34 1368 1420 1248
U11 1 7 285 383 2940
U12 1 67 14 33 608
U13 1 94 856 924 986
U14 1 69 1177 1257 1400
U15 0 0 0 0 0
U16 1 14 681 740 1652
U17 0 0 0 0 0
U18 1 76 11 121 1210
U19 0 0 0 0 0
U20 1 2 743 765 451
U21 0 0 0 0 0
U22 1 33 133 197 1312
U23 0 0 0 0 0
U24 0 0 0 0 0
U25 0 0 0 0 0
U26 1 64 718 789 1810
U27 1 41 407 469 1674
U28 1 9 1112 1162 1125
U29 0 0 0 0 0
U30 1 66 231 295 2080
U31 1 66 880 940 1860
U32 0 0 0 0 0
U33 1 5 476 540 1536
U34 0 0 0 0 0
U35 1 22 575 641 1023
U36 1 28 693 751 1740
U37 0 0 0 0 0
U38 0 0 0 0 0
U39 1 29 716 852 3332
U40 1 76 776 886 990
U41 0 0 0 0 0
U42 0 0 0 0 0
U43 0 0 0 0 0
U44 0 0 0 0 0
U45 1 66 120 218 3234
U46 1 51 329 369 1080
U47 0 0 0 0 0
U48 1 65 483 565 1599
U49 0 0 0 0 0
U50 0 0 0 0 0
U51 1 17 1060 1112 1196
U52 0 0 0 0 0
U53 0 0 0 0 0
U54 0 0 0 0 0
U55 1 74 466 526 1020
U56 0 0 0 0 0
U57 1 65 342 388 920
U58 1 73 1 97 1776
U59 0 0 0 0 0
U60 1 83 737 863 2457
U61 1 49 910 954 1012
U62 1 1 355 465 3465
U63 0 0 0 0 0
U64 1 64 93 152 1652
U65 1 12 855 981 1575
U66 1 61 496 558 1426
U67 1 90 973 1071 2058
U68 1 31 328 386 1537
U69 1 61 220 352 3102
U70 0 0 0 0 0
U71 1 50 464 516 1014
U72 1 25 1012 1110 2303
U73 1 33 1144 1224 1520
U74 1 90 76 117 1045
U75 1 52 91 143 1144
U76 0 0 0 0 0
U77 1 31 874 896 528
U78 1 33 301 372 1420
U79 1 7 801 903 2907
U80 1 20 581 679 2401
U81 1 65 566 702 2584
U82 1 78 78 113 805
U83 1 3 939 999 1320
U84 1 6 12 74 1178
U85 1 41 838 890 1326
U86 1 34 140 238 2891
U87 1 7 1231 1243 312
U88 1 42 537 647 2310
U89 0 0 0 0 0
U90 1 54 299 397 1862
U91 1 31 696 778 2009
U92 0 0 0 0 0
U93 1 37 1072 1107 525
U94 1 7 520 602 2419
U95 1 87 245 316 2094
U96 1 19 674 810 3060
U97 1 50 1038 1079 676
U98 0 0 0 0 0
U99 1 86 965 1063 2793
U100 1 7 659 741 2378
U101 1 92 293 375 1804
U102 1 10 60 112 468
U103 1 95 238 318 2240
U104 1 63 428 512 1638
U105 1 24 798 838 840
U106 1 94 1304 1366 806
U107 0 0 0 0 0
U108 1 34 725 793 1836
U109 0 0 0 0 0
U110 1 51 693 791 2450
U111 1 56 813 923 2695
U112 1 60 950 1012 1519
U113 1 64 171 223 1430
U114 1 87 51 161 3355
U115 1 40 520 536 232
U116 1 14 389 441 1534
U117 1 38 95 205 2475
U118 1 60 1042 1138 2304
U119 0 0 0 0 0
U120 0 0 0 0 0
U121 1 78 499 579 1760
U122 0 0 0 0 0
U123 1 9 1257 1309 1118
U124 1 13 36 116 720
U125 0 0 0 0 0
U126 0 0 0 0 0
U127 0 0 0 0 0
U128 1 46 759 820 1159
U129 1 99 418 470 1352
U130 1 22 186 232 782
U131 0 0 0 0 0
U132 1 89 408 499 2593
U133 1 67 1074 1090 416
U134 0 0 0 0 0
U135 1 16 107 157 775
U136 1 82 378 390 366
U137 0 0 0 0 0
U138 1 94 529 613 1344
U139 1 9 201 253 1352
U140 1 38 1183 1319 2652
U141 1 27 65 151 1892
U142 0 0 0 0 0
U143 1 22 432 512 1320
U144 1 57 583 651 714
U145 0 0 0 0 0
U146 1 1 1009 1044 1015
U147 1 62 930 974 638
U148 1 20 1226 1276 1125
U149 1 68 102 164 1457
U150 0 0 0 0 0
U151 0 0 0 0 0
U152 1 25 1340 1380 880
U153 1 5 802 830 630
U154 0 0 0 0 0
U155 0 0 0 0 0
U156 1 31 1220 1255 787
U157 1 76 122 180 609
U158 1 72 890 964 1739
U159 0 0 0 0 0
U160 1 46 403 463 1230
U161 0 0 0 0 0
U162 0 0 0 0 0
U163 1 87 511 609 2695
U164 1 15 1046 1068 473
U165 1 73 375 473 1764
U166 1 55 926 1062 3536
U167 0 0 0 0 0
U168 0 0 0 0 0
U169 1 75 72 143 568
U170 1 55 1169 1305 3468
U171 1 32 904 944 1040
U172 1 50 642 710 1258
U173 0 0 0 0 0
U174 1 67 801 883 2255
U175 0 0 0 0 0
U176 1 86 287 348 1891
U177 1 82 1258 1304 1219
U178 1 67 277 373 2928
U179 0 0 0 0 0
U180 1 7 54 164 3410
U181 1 89 1272 1324 1300
U182 0 0 0 0 0
U183 0 0 0 0 0
U184 0 0 0 0 0
U185 1 23 269 367 2352
U186 1 15 1201 1272 1455
U187 1 20 1277 1336 1298
U188 1 90 523 564 922
U189 0 0 0 0 0
U190 1 15 519 538 437
U191 0 0 0 0 0
U192 1 77 468 566 1764
U193 1 44 2 46 1408
U194 0 0 0 0 0
U195 1 14 150 276 3843
U196 1 50 588 629 779
U197 0 0 0 0 0
U198 1 2 140 186 1104
U199 1 86 701 799 2842
U200 1 6 1325 1383 957
U201 1 22 513 574 976
U202 0 0 0 0 0
U203 1 72 358 449 2275
U204 1 81 757 841 1470
U205 1 21 820 870 900
U206 0 0 0 0 0
U207 1 65 1188 1240 936
U208 1 82 221 312 2866
U209 1 21 892 972 1400
U210 0 0 0 0 0
U211 0 0 0 0 0
U212 1 9 931 983 1248
U213 0 0 0 0 0
U214 1 24 247 293 1058
U215 0 0 0 0 0
U216 0 0 0 0 0
U217 1 21 292 354 1209
U218 1 11 107 217 2365
U219 1 8 16 78 1829
U220 1 72 1220 1284 1440
U221 1 3 552 580 644
U222 1 5 417 469 1274
U223 1 21 479 550 1349
U224 1 47 274 338 960
U225 0 0 0 0 0
U226 0 0 0 0 0
U227 1 33 420 482 1209
U228 1 35 870 922 1092
U229 1 20 865 947 1968
U230 1 13 735 804 586
U231 1 15 1129 1200 1491
U232 1 4 704 716 246
U233 1 91 486 538 1274
U234 0 0 0 0 0
U235 1 40 198 296 1519
U236 1 84 1099 1157 1218
U237 1 82 903 922 513
U238 1 62 1088 1140 728
U239 0 0 0 0 0
U240 1 98 934 962 434
U241 1 34 539 607 1870
U242 1 91 238 273 892
U243 1 8 908 977 1690
U244 0 0 0 0 0
U245 0 0 0 0 0
U246 0 0 0 0 0
U247 0 0 0 0 0
U248 1 8 1187 1258 1704
U249 0 0 0 0 0
U250 0 0 0 0 0
U251 1 46 967 1027 1050
U252 0 0 0 0 0
U253 1 28 865 884 551
U254 1 79 481 579 2940
U255 1 58 554 593 565
U256 1 51 474 513 1014
U257 1 44 236 362 3906
U258 0 0 0 0 0
U259 1 32 649 711 1705
U260 1 9 1313 1371 1218
U261 1 52 296 342 966
U262 1 56 1195 1236 963
U263 1 82 313 377 1984
U264 1 48 145 197 1014
U265 1 94 720 804 1302
U266 0 0 0 0 0
U267 1 61 99 195 2304
U268 0 0 0 0 0
U269 1 8 689 733 1144
U270 0 0 0 0 0
U271 0 0 0 0 0
U272 1 55 793 845 1378
U273 1 17 968 1059 2138
U274 1 41 316 368 1430
U275 1 49 145 203 1537
U276 1 87 963 1021 1508
U277 0 0 0 0 0
U278 1 25 1138 1184 1058
U279 1 31 477 563 2193
U280 1 9 310 362 1326
U281 0 0 0 0 0
U282 0 0 0 0 0
U283 1 25 604 650 1127
U284 1 11 26 106 1760
U285 0 0 0 0 0
U286 1 28 634 692 1769
U287 0 0 0 0 0
U288 1 14 741 821 2200
U289 1 20 284 312 700
U290 0 0 0 0 0
U291 1 90 425 477 1222
U292 1 78 1018 1082 1216
U293 0 0 0 0 0
U294 1 9 1194 1246 1144
U295 0 0 0 0 0
U296 0 0 0 0 0
U297 1 26 947 1005 522
U298 1 35 417 527 2420
U299 1 28 21 83 2108
U300 0 0 0 0 0
U301 0 0 0 0 0
U302 1 2 635 663 588
U303 0 0 0 0 0
U304 1 28 1168 1220 1430
U305 1 95 918 968 1300
U306 0 0 0 0 0
U307 1 82 883 902 522
U308 1 24 395 453 1305
U309 0 0 0 0 0
U310 0 0 0 0 0
U311 1 68 808 852 946
U312 0 0 0 0 0
U313 0 0 0 0 0
U314 0 0 0 0 0
U315 1 67 1305 1373 1734
U316 1 89 1175 1255 2040
U317 0 0 0 0 0
U318 0 0 0 0 0
U319 1 5 900 964 1408
U320 1 9 984 996 282
U321 1 91 359 485 3150
U322 0 0 0 0 0
U323 0 0 0 0 0
U324 0 0 0 0 0
U325 1 26 1006 1052 391
U326 1 56 719 805 2150
U327 0 0 0 0 0
U328 1 37 103 144 697
U329 1 95 545 609 1728
U330 0 0 0 0 0
U331 0 0 0 0 0
U332 0 0 0 0 0
U333 1 17 391 413 572
U334 0 0 0 0 0
U335 1 72 259 327 1734
U336 1 67 663 715 1482
U337 0 0 0 0 0
U338 1 21 1003 1113 1870
U339 0 0 0 0 0
U340 1 44 1173 1212 1014
U341 1 34 1166 1246 2000
U342 1 13 1169 1237 544
U343 1 17 588 647 1475
U344 0 0 0 0 0
U345 1 37 416 477 1006
U346 1 23 1213 1293 1680
U347 1 47 88 156 1054
U348 0 0 0 0 0
U349 1 17 1113 1197 1890
U350 1 61 27 89 1519
U351 1 14 97 149 1612
U352 0 0 0 0 0
U353 1 66 983 1049 2013
U354 1 47 1080 1212 1650
U355 1 40 1129 1181 702
U356 1 66 513 604 2912
U357 1 4 416 466 1050
U358 1 35 545 677 2838
U359 1 87 896 954 1537
U360 1 78 949 1017 1326
U361 0 0 0 0 0
U362 1 95 131 215 2394
U363 0 0 0 0 0
U364 1 2 54 106 1300
U365 1 41 470 531 1616
U366 1 85 1217 1278 671
U367 1 69 249 381 2376
U368 0 0 0 0 0
U369 1 38 619 638 399
U370 1 5 69 151 2173
U371 1 64 425 469 1166
U372 1 68 192 238 1058
U373 0 0 0 0 0
U374 1 32 574 626 1456
U375 1 99 256 325 1863
U376 1 64 609 661 1352
U377 0 0 0 0 0
U378 1 33 1273 1353 1480
U379 1 5 965 1034 1483
U380 1 90 478 522 1012
U381 1 6 257 319 1147
U382 1 99 941 982 1004
U383 1 8 742 822 2040
U384 0 0 0 0 0
U385 1 50 258 316 1160
U386 1 45 953 1022 1380
U387 0 0 0 0 0
U388 0 0 0 0 0
U389 1 89 720 748 756
U390 1 88 1144 1184 900
U391 0 0 0 0 0
U392 1 7 1093 1139 1242
U393 1 94 1028 1130 1428
U394 1 64 862 931 1725
U395 1 87 340 359 551
U396 1 12 558 660 1326
U397 0 0 0 0 0
U398 1 14 920 982 1674
U399 1 24 565 697 2838
U400 1 29 590 674 2100
U401 1 56 1248 1300 1196
U402 1 99 71 140 1897
U403 1 36 1305 1385 1640
U404 1 92 98 182 1890
U405 1 46 277 339 1302
U406 1 44 1081 1097 432
U407 0 0 0 0 0
U408 1 41 16 148 3762
U409 1 34 1247 1293 1127
U410 1 89 667 695 770
U411 0 0 0 0 0
U412 0 0 0 0 0
U413 1 90 932 972 860
U414 1 26 763 837 740
U415 0 0 0 0 0
U416 1 38 681 733 1066
U417 0 0 0 0 0
U418 1 20 1059 1145 1978
U419 1 82 391 403 360
U420 1 2 416 507 2002
U421 1 34 265 356 2639
U422 1 51 1320 1359 877
U423 1 51 851 931 1920
U424 1 52 220 272 1118
U425 0 0 0 0 0
U426 1 51 251 291 1100
U427 1 37 3 55 910
U428 0 0 0 0 0
U429 1 9 109 200 2411
U430 0 0 0 0 0
U431 0 0 0 0 0
U432 1 31 926 990 1504
U433 1 28 374 454 2600
U434 1 1 199 301 3264
U435 1 79 1153 1205 1430
U436 1 48 86 144 1160
U437 1 34 948 987 1014
U438 1 49 1 53 1404
U439 0 0 0 0 0
U440 1 10 434 514 640
U441 1 89 1042 1174 3432
U442 1 86 380 460 2440
U443 1 27 152 164 258
U444 1 49 570 668 2401
U445 1 79 1350 1372 583
U446 1 9 15 106 2457
U447 1 68 745 805 1320
U448 0 0 0 0 0
U449 0 0 0 0 0
U450 0 0 0 0 0
U451 1 81 883 922 663
U452 1 71 1283 1385 2295
U453 1 51 608 679 1810
U454 1 91 999 1095 2208
U455 1 44 466 564 2940
U456 1 2 376 415 877
U457 1 79 16 100 2646
U458 0 0 0 0 0
U459 1 34 988 1029 1045
U460 1 25 86 127 1107
U461 0 0 0 0 0
U462 0 0 0 0 0
U463 1 91 1096 1158 1395
U464 1 5 640 766 2898
U465 1 87 1296 1370 1850
U466 0 0 0 0 0
U467 1 17 425 471 1173
U468 0 0 0 0 0
U469 0 0 0 0 0
U470 1 90 250 312 1519
U471 1 88 221 279 1450
U472 0 0 0 0 0
U473 1 2 107 119 294
U474 0 0 0 0 0
U475 0 0 0 0 0
U476 1 82 515 625 3190
U477 0 0 0 0 0
U478 1 56 1062 1194 3168
U479 1 37 829 890 976
U480 1 90 736 777 902
U481 1 42 779 801 440
U482 0 0 0 0 0
U483 0 0 0 0 0
U484 1 88 283 302 465
U485 1 16 1011 1073 868
U486 1 53 23 159 3400
U487 0 0 0 0 0
U488 1 71 304 402 2352
U489 0 0 0 0 0
U490 1 90 118 178 1500
U491 1 49 1205 1249 990
U492 1 2 206 290 1974
U493 1 72 1031 1077 1058
U494 0 0 0 0 0
U495 1 99 1050 1182 3168
U496 1 70 558 624 957
U497 1 32 78 152 2220
U498 1 15 279 415 3264
U499 1 40 537 598 854
U500 1 50 880 921 697
U501 1 31 388 472 2184
U502 0 0 0 0 0
U503 1 87 168 209 1230
U504 0 0 0 0 0
U505 1 51 1214 1278 1472
U506 1 3 876 938 1395
U507 1 37 1010 1071 945
U508 1 82 785 867 2296
U509 1 51 990 1030 940
U510 0 0 0 0 0
U511 0 0 0 0 0
U512 0 0 0 0 0
U513 1 56 561 697 3468
U514 0 0 0 0 0
U515 0 0 0 0 0
U516 0 0 0 0 0
U517 1 8 394 422 770
U518 1 60 1240 1308 1564
U519 1 29 397 461 1664
U520 0 0 0 0 0
U521 1 76 593 609 152
U522 1 23 963 1003 900
U523 0 0 0 0 0
U524 1 51 386 432 1219
U525 1 92 50 89 897
U526 1 50 752 768 288
U527 1 80 669 721 1534
U528 0 0 0 0 0
U529 0 0 0 0 0
U530 0 0 0 0 0
U531 1 15 610 626 360
U532 1 87 883 895 324
U533 1 22 733 792 885
U534 1 32 374 436 1798
U535 0 0 0 0 0
U536 1 42 438 536 2107
U537 1 1 832 903 2094
U538 0 0 0 0 0
U539 0 0 0 0 0
U540 1 79 1072 1091 532
U541 1 31 1145 1216 1633
U542 1 40 409 519 1650
U543 1 71 1098 1182 1932
U544 1 73 525 571 805
U545 1 94 805 844 585
U546 0 0 0 0 0
U547 1 38 394 456 1333
U548 1 1 677 696 579
U549 0 0 0 0 0
U550 1 32 561 573 342
U551 1 88 1033 1143 2530
U552 1 38 247 357 2420
U553 0 0 0 0 0
U554 0 0 0 0 0
U555 1 10 778 862 630
U556 0 0 0 0 0
U557 1 76 234 308 740
U558 1 94 364 399 595
U559 1 7 1282 1340 1479
U560 1 18 244 285 881
U561 1 99 732 773 1025
U562 1 41 672 746 1924
U563 1 81 1161 1183 352
U564 0 0 0 0 0
U565 1 53 1177 1287 2475
U566 1 82 1305 1385 2080
U567 1 23 1127 1179 1118
U568 1 46 900 966 1188
U569 1 60 248 346 2450
U570 1 96 666 792 2709
U571 1 31 237 323 2322
U572 1 83 487 561 1480
U573 1 17 801 867 1617
U574 0 0 0 0 0
U575 0 0 0 0 0
U576 1 26 418 544 1386
U577 1 81 672 741 1242
U578 1 5 541 639 2303
U579 1 28 932 1042 3135
U580 0 0 0 0 0
U581 0 0 0 0 0
U582 1 64 347 409 1674
U583 1 78 913 948 700
U584 0 0 0 0 0
U585 1 40 99 197 1568
U586 1 84 1051 1097 989
U587 0 0 0 0 0
U588 1 7 1181 1227 1219
U589 1 92 469 488 408
U590 1 2 508 634 2709
U591 1 89 302 393 2639
U592 0 0 0 0 0
U593 1 24 454 564 2420
U594 1 67 716 800 2352
U595 0 0 0 0 0
U596 0 0 0 0 0
U597 1 87 371 429 1653
U598 1 67 210 276 2046
U599 0 0 0 0 0
U600 0 0 0 0 0
U601 0 0 0 0 0
U602 0 0 0 0 0
U603 1 3 16 32 376
U604 0 0 0 0 0
U605 1 17 869 937 1632
U606 1 84 1158 1170 246
U607 1 21 584 636 962
U608 1 10 275 334 501
U609 1 14 442 522 2320
U610 1 99 492 572 2040
U611 0 0 0 0 0
U612 1 79 1274 1326 1404
U613 0 0 0 0 0
U614 1 80 229 331 3264
U615 1 49 1251 1310 1298
U616 1 29 366 394 742
U617 0 0 0 0 0
U618 0 0 0 0 0
U619 0 0 0 0 0
U620 0 0 0 0 0
U621 1 1 624 676 1612
U622 1 80 592 638 1380
U623 0 0 0 0 0
U624 0 0 0 0 0
U625 0 0 0 0 0
U626 1 84 82 143 1525
U627 1 20 971 1053 1927
U628 0 0 0 0 0
U629 1 18 331 370 819
U630 1 25 360 486 3213
U631 0 0 0 0 0
U632 0 0 0 0 0
U633 1 44 671 712 1189
U634 0 0 0 0 0
U635 0 0 0 0 0
U636 1 25 146 226 2120
U637 1 32 1040 1102 1550
U638 0 0 0 0 0
U639 0 0 0 0 0
U640 0 0 0 0 0
U641 1 67 122 157 1102
U642 0 0 0 0 0
U643 1 80 461 525 1984
U644 0 0 0 0 0
U645 1 79 580 676 2832
U646 1 78 677 759 1763
U647 1 39 920 984 864
U648 1 92 640 652 252
U649 0 0 0 0 0
U650 1 8 155 217 1767
U651 1 43 54 114 990
U652 1 19 834 960 2772
U653 0 0 0 0 0
U654 0 0 0 0 0
U655 1 44 86 182 3024
U656 0 0 0 0 0
U657 1 50 827 879 910
U658 1 25 296 348 1352
U659 0 0 0 0 0
U660 1 15 416 514 2303
U661 0 0 0 0 0
U662 1 95 801 863 1643
U663 0 0 0 0 0
U664 1 87 1073 1089 408
U665 1 49 487 522 875
U666 0 0 0 0 0
U667 1 46 212 258 989
U668 1 45 709 777 1394
U669 1 72 575 673 2401
U670 0 0 0 0 0
U671 1 8 423 525 2754
U672 1 35 133 243 2475
U673 0 0 0 0 0
U674 1 41 1059 1185 3150
U675 1 84 964 986 484
U676 0 0 0 0 0
U677 1 80 1141 1243 2907
U678 1 74 850 878 448
U679 0 0 0 0 0
U680 1 65 1280 1332 910
U681 0 0 0 0 0
U682 0 0 0 0 0
U683 0 0 0 0 0
U684 1 97 577 659 861
U685 1 91 618 657 936
U686 0 0 0 0 0
U687 1 89 93 191 2940
U688 0 0 0 0 0
U689 0 0 0 0 0
U690 1 49 767 819 1248
U691 1 29 462 501 994
U692 1 74 756 824 1122
U693 1 67 550 602 1508
U694 1 1 697 768 2130
U695 1 84 729 751 495
U696 1 67 506 545 1150
U697 1 23 368 500 3102
U698 1 48 937 981 836
U699 0 0 0 0 0
U700 0 0 0 0 0
U701 0 0 0 0 0
U702 1 7 904 965 1708
U703 1 16 158 210 780
U704 1 6 1212 1322 1870
U705 0 0 0 0 0
U706 0 0 0 0 0
U707 1 90 402 424 528
U708 0 0 0 0 0
U709 1 0 1193 1261 510
U710 1 25 487 561 1850
U711 1 68 29 89 1440
U712 0 0 0 0 0
U713 0 0 0 0 0
U714 1 47 968 1020 676
U715 1 4 237 333 2064
U716 0 0 0 0 0
U717 0 0 0 0 0
U718 1 86 577 648 2094
U719 0 0 0 0 0
U720 1 9 688 748 1470
U721 0 0 0 0 0
U722 1 65 94 174 1640
U723 0 0 0 0 0
U724 1 66 1076 1202 3780
U725 0 0 0 0 0
U726 1 27 203 215 252
U727 1 64 1364 1410 1104
U728 1 88 1277 1299 484
U729 0 0 0 0 0
U730 1 42 750 769 389
U731 0 0 0 0 0
U732 1 53 365 491 3024
U733 1 28 455 507 1664
U734 0 0 0 0 0
U735 1 5 335 347 300
U736 0 0 0 0 0
U737 1 28 508 566 1827
U738 0 0 0 0 0
U739 1 26 18 34 184
U740 0 0 0 0 0
U741 1 72 738 766 672
U742 0 0 0 0 0
U743 1 61 1005 1067 1364
U744 1 46 684 758 1443
U745 1 48 1039 1101 1147
U746 1 99 326 417 2411
U747 0 0 0 0 0
U748 1 88 75 155 2040
U749 1 0 792 844 416
U750 1 79 242 378 4216
U751 1 46 464 503 780
U752 0 0 0 0 0
U753 0 0 0 0 0
U754 1 53 993 1045 1196
U755 0 0 0 0 0
U756 1 32 13 41 854
U757 1 38 926 1058 2640
U758 0 0 0 0 0
U759 1 15 184 253 1690
U760 1 27 361 373 246
U761 1 53 211 337 3087
U762 1 95 422 482 1650
U763 1 32 1198 1226 686
U764 1 80 821 957 3944
U765 0 0 0 0 0
U766 0 0 0 0 0
U767 0 0 0 0 0
U768 1 97 662 684 220
U769 1 89 896 994 2597
U770 0 0 0 0 0
U771 1 44 994 1080 2365
U772 1 48 21 60 799
U773 0 0 0 0 0
U774 1 67 408 499 2730
U775 0 0 0 0 0
U776 0 0 0 0 0
U777 1 44 1098 1172 1961
U778 1 8 549 629 2120
U779 1 15 38 106 1700
U780 1 22 793 845 754
U781 1 84 525 609 1974
U782 1 9 440 484 1100
U783 1 44 573 664 2684
U784 0 0 0 0 0
U785 1 68 1262 1372 2310
U786 1 79 909 1019 3135
U787 1 31 564 650 2150
U788 1 14 983 1054 1881
U789 1 98 823 885 992
U790 1 44 380 408 854
U791 1 84 618 700 1886
U792 1 7 186 284 2989
U793 0 0 0 0 0
U794 0 0 0 0 0
U795 1 28 175 273 3283
U796 0 0 0 0 0
U797 1 28 1071 1167 2688
U798 1 95 969 1021 1326
U799 1 20 89 148 1534
U800 1 2 291 375 1932
U801 1 18 761 857 1872
U802 0 0 0 0 0
U803 1 59 244 342 1764
U804 0 0 0 0 0
U805 1 55 221 290 1932
U806 1 14 353 388 1050
U807 1 73 751 797 782
U808 0 0 0 0 0
U809 1 55 291 360 1897
U810 1 34 832 906 1961
U811 0 0 0 0 0
U812 1 84 256 296 980
U813 1 27 953 993 800
U814 1 87 458 510 1456
U815 1 95 58 97 1131
U816 0 0 0 0 0
U817 1 0 628 647 161
U818 0 0 0 0 0
U819 1 89 515 579 1792
U820 1 30 374 442 1156
U821 1 14 1134 1225 2366
U822 0 0 0 0 0
U823 1 75 1100 1198 735
U824 0 0 0 0 0
U825 1 71 1051 1097 1081
U826 0 0 0 0 0
U827 1 29 52 87 945
U828 1 8 331 393 1736
U829 1 18 406 486 1640
U830 1 88 821 957 3196
U831 0 0 0 0 0
U832 0 0 0 0 0
U833 1 47 409 431 319
U834 0 0 0 0 0
U835 0 0 0 0 0
U836 0 0 0 0 0
U837 0 0 0 0 0
U838 0 0 0 0 0
U839 0 0 0 0 0
U840 1 60 1148 1239 2138
U841 1 89 207 298 2684
U842 1 8 823 907 2100
U843 1 7 969 1031 1705
U844 0 0 0 0 0
U845 1 99 1213 1345 3102
U846 1 32 969 1013 1122
U847 0 0 0 0 0
U848 1 95 1083 1145 1550
U849 1 30 443 507 1056
U850 1 66 665 756 2866
U851 0 0 0 0 0
U852 1 44 924 993 1932
U853 1 23 817 857 920
U854 1 28 575 633 1798
U855 1 34 489 517 784
U856 0 0 0 0 0
U857 0 0 0 0 0
U858 0 0 0 0 0
U859 1 11 947 1057 2310
U860 0 0 0 0 0
U861 0 0 0 0 0
U862 1 5 174 245 1846
U863 1 51 86 148 1736
U864 0 0 0 0 0
U865 0 0 0 0 0
U866 1 25 1251 1297 1035
U867 1 81 926 997 1171
U868 1 24 1217 1229 246
U869 1 56 140 266 3465
U870 0 0 0 0 0
U871 1 65 703 794 1683
U872 0 0 0 0 0
U873 1 55 664 748 2268
U874 1 78 866 912 943
U875 1 9 1049 1111 1426
U876 1 30 508 530 352
U877 0 0 0 0 0
U878 0 0 0 0 0
U879 1 90 1211 1295 1722
U880 1 78 760 806 966
U881 1 8 132 154 638
U882 0 0 0 0 0
U883 0 0 0 0 0
U884 0 0 0 0 0
U885 0 0 0 0 0
U886 0 0 0 0 0
U887 1 17 205 251 1219
U888 1 56 267 335 1836
U889 0 0 0 0 0
U890 0 0 0 0 0
U891 0 0 0 0 0
U892 1 80 362 460 3087
U893 1 49 357 431 1887
U894 1 41 219 315 2688
U895 1 21 87 148 1220
U896 0 0 0 0 0
U897 1 55 74 143 1966
U898 1 15 690 718 616
U899 0 0 0 0 0
U900 1 86 461 500 1170
U901 1 35 953 1005 1066
U902 0 0 0 0 0
U903 1 56 464 560 2496
U904 1 28 285 369 2772
U905 1 25 699 797 2352
U906 1 5 270 334 1632
U907 1 16 511 563 754
U908 1 20 198 272 1887
U909 1 78 433 485 1170
U910 1 42 339 437 2156
U911 0 0 0 0 0
U912 1 62 1141 1157 216
U913 1 23 1 72 1739
U914 1 79 681 777 2784
U915 0 0 0 0 0
U916 1 47 894 952 783
U917 1 47 511 557 644
U918 0 0 0 0 0
U919 1 15 1302 1321 380
U920 0 0 0 0 0
U921 1 51 798 850 1274
U922 1 57 979 1043 640
U923 0 0 0 0 0
U924 1 28 752 771 560
U925 1 39 136 177 574
U926 0 0 0 0 0
U927 1 54 31 53 429
U928 0 0 0 0 0
U929 1 11 1270 1311 840
U930 1 3 1170 1241 1526
U931 1 94 120 181 1067
U932 1 46 838 899 1128
U933 1 44 764 805 1168
U934 1 97 704 802 931
U935 0 0 0 0 0
U936 0 0 0 0 0
U937 0 0 0 0 0
U938 1 14 3 87 2646
U939 1 64 932 1014 2009
U940 1 85 519 621 1224
U941 1 49 255 313 1508
U942 1 61 934 986 1170
U943 1 77 153 188 665
U944 1 77 297 395 1813
U945 1 21 1114 1154 660
U946 0 0 0 0 0
U947 1 82 416 514 2891
U948 1 96 1172 1308 2856
U949 1 91 727 818 2138
U950 0 0 0 0 0
U951 1 6 785 876 1592
U952 0 0 0 0 0
U953 1 19 961 989 602
U954 1 85 649 710 701
U955 0 0 0 0 0
U956 0 0 0 0 0
U957 0 0 0 0 0
U958 1 18 163 224 1342
U959 1 23 1074 1126 1144
U960 1 18 90 151 1372
U961 0 0 0 0 0
U962 1 32 178 237 1740
U963 0 0 0 0 0
U964 1 46 1296 1365 1173
U965 0 0 0 0 0
U966 0 0 0 0 0
U967 1 67 888 940 1404
U968 0 0 0 0 0
U969 1 79 382 480 2989
U970 1 26 888 946 551
U971 1 80 527 591 1952
U972 1 82 674 784 3135
U973 1 56 69 121 1456
U974 1 53 804 936 3102
U975 1 67 1021 1071 1325
U976 1 68 485 524 877
U977 0 0 0 0 0
U978 1 29 999 1135 3264
U979 1 56 395 455 1590
U980 1 32 723 758 945
U981 0 0 0 0 0
U982 1 69 196 248 962
U983 1 86 1093 1175 2296
U984 1 88 380 478 2352
U985 1 94 1156 1236 1080
U986 0 0 0 0 0
U987 1 14 526 606 2280
U988 0 0 0 0 0
U989 1 18 623 667 880
U990 1 86 13 48 1102
U991 1 94 427 473 759
U992 0 0 0 0 0
U993 0 0 0 0 0
U994 0 0 0 0 0
U995 0 0 0 0 0
U996 1 49 820 879 1386
U997 0 0 0 0 0
U998 0 0 0 0 0
U999 0 0 0 0 0
